return {
{Name = "Hair Salon", CFrame = CFrame.new(-858.903992, 22.229845, -652.395386, 0.999997675, 1.04370868e-08, 0.00214449666, -1.04501705e-08, 1, 6.09004713e-09, -0.00214449666, -6.11244344e-09, 0.999997675)},
    {Name = "Downhill Gunz", CFrame = CFrame.new(-585.172668, 8.53961563, -738.284912, -0.988136709, 5.93399641e-08, 0.15357691, 5.39786988e-08, 1, -3.90789836e-08, -0.15357691, -3.0325495e-08, -0.988136709)},
    {Name = "Downhill", CFrame = CFrame.new(-535.531677, 7.77967978, -735.653503, 0.127365023, -1.13438247e-07, -0.991855919, 1.92058458e-08, 1, -1.11903447e-07, 0.991855919, -4.79684603e-09, 0.127365023)},
    {Name = "Park", CFrame = CFrame.new(-262.246429, 22.3747082, -761.097412, -0.02295761, -1.70424084e-08, -0.999736428, -6.27854178e-08, 1, -1.56051172e-08, 0.999736428, 6.24106136e-08, -0.02295761)},
    {Name = "Phone Store", CFrame = CFrame.new(-104.182137, 22.1353168, -982.288818, 0.0355157889, 1.10258815e-08, 0.999369144, 3.79197402e-08, 1, -1.23804416e-08, -0.999369144, 3.83355179e-08, 0.0355157889)},
    {Name = "Da Boxing Club", CFrame = CFrame.new(-262.111969, 53.5958977, -1128.14575, 0.00843573082, 3.37599069e-08, -0.999964416, 2.64708309e-08, 1, 3.39844171e-08, 0.999964416, -2.67565721e-08, 0.00843573082)},
    {Name = "Military Base 1", CFrame = CFrame.new(38.9565392, 25.4798393, -875.776855, 0.0272912271, -8.45637658e-08, -0.999627531, -2.276267e-08, 1, -8.52167261e-08, 0.999627531, 2.507986e-08, 0.0272912271)},
    {Name = "Military Base 2", CFrame = CFrame.new(7.64928007, 25.6048412, -796.079346, 0.989884973, -6.736758e-08, -0.141872257, 7.33734709e-08, 1, 3.71017919e-08, 0.141872257, -4.71361687e-08, 0.989884973)},
    {Name = "Apartments", CFrame = CFrame.new(450.005859, 54.7852821, -733.311035, -0.0272750147, 1.1411673e-07, 0.999627948, 3.22204521e-08, 1, -1.13280059e-07, -0.999627948, 2.91187501e-08, -0.0272750147)},
    {Name = "Uphill", CFrame = CFrame.new(481.419678, 47.9798317, -572.17981, 0.0273022875, -3.60007242e-08, -0.999627233, 3.25085536e-09, 1, -3.59253605e-08, 0.999627233, -2.26879915e-09, 0.0273022875)},
    {Name = "Uphill Gunz", CFrame = CFrame.new(481.327362, 48.2953339, -624.64209, 0.999924064, 1.58007474e-08, -0.0123237874, -1.69500733e-08, 1, -9.31562312e-08, 0.0123237874, 9.33580395e-08, 0.999924064)},
    {Name = "Jeff's Taco Shop", CFrame = CFrame.new(578.454773, 51.2825127, -443.065948, -0.0543017648, 7.04000014e-09, -0.998524547, 1.21950239e-09, 1, 6.98408353e-09, 0.998524547, -8.38454972e-10, -0.0543017648)},
    {Name = "Gas Station", CFrame = CFrame.new(592.524902, 49.2248726, -257.919739, -0.027369678, 4.81166254e-08, 0.999625385, 1.11858668e-07, 1, -4.50719746e-08, -0.999625385, 1.10583159e-07, -0.027369678)},
    {Name = "Breaking Bad", CFrame = CFrame.new(598.694397, 28.8013668, -214.175735, -0.00221744645, 5.50845503e-09, 0.999997556, 1.1367669e-09, 1, -5.50594814e-09, -0.999997556, 1.12455489e-09, -0.00221744645)},
    {Name = "Train Station", CFrame = CFrame.new(618.314453, 48.3498306, -91.2029877, 0.687495768, -3.59509222e-08, 0.726188362, -4.68783057e-08, 1, 9.38868823e-08, -0.726188362, -9.8589318e-08, 0.687495768)},
    {Name = "Warehouse", CFrame = CFrame.new(419.10849, 39.5040359, -5.14699841, -0.016619077, 2.10424673e-08, -0.999861896, -7.32969641e-09, 1, 2.11672031e-08, 0.999861896, 7.68046338e-09, -0.016619077)},
    {Name = "Church", CFrame = CFrame.new(205.797821, 26.9798393, -14.0783749, 0.999128997, 6.74798928e-09, -0.0417286344, -6.59424693e-09, 1, 3.82197562e-09, 0.0417286344, -3.54347751e-09, 0.999128997)},
    {Name = "Graveyard", CFrame = CFrame.new(202.297409, 21.9748344, 74.9401398, 0.999738038, -3.10705839e-09, -0.0228883382, 4.30997638e-09, 1, 5.25066e-08, 0.0228883382, -5.25914921e-08, 0.999738038)},
    {Name = "Barber Shop", CFrame = CFrame.new(3.19866323, 21.9748383, -95.4573822, 0.995172679, 5.13761478e-09, -0.0981391966, 5.16549914e-09, 1, 1.04730617e-07, 0.0981391966, -1.04731988e-07, 0.995172679)},
    {Name = "Fire Department", CFrame = CFrame.new(-129.173172, 28.0365429, -97.7412491, 0.999890447, 7.86246446e-08, 0.0148027483, -7.77612001e-08, 1, -5.89054423e-08, -0.0148027483, 5.77479078e-08, 0.999890447)},
    {Name = "Prison", CFrame = CFrame.new(-254.394608, 22.0247936, -114.007179, 0.997883499, 2.85334734e-09, 0.0650272369, -1.98803321e-10, 1, -4.08285032e-08, -0.0650272369, 4.07291623e-08, 0.997883499)},
}
